image: /home/turtlebot/labtest.pgm
resolution: 0.050000
origin: [-8.200000, -27.800000, 63.000000]
negate: 0
occupied_thresh: 0.65
free_thresh: 0.196

